380.019300 0.0000000 0.0000000 0.0000000 -0.0000000 -0.0000000 -0.0000000 1.0000000
380.123100 -0.0006716 -0.0011467 0.0596813 -0.0018999 -0.0007478 0.0008022 0.9999976
380.331000 -0.0027410 -0.0033975 0.1785169 -0.0005488 -0.0015875 -0.0007693 0.9999983
380.434900 -0.0036525 -0.0044368 0.2382156 0.0041181 -0.0028109 0.0013000 0.9999867
380.642600 -0.0059613 -0.0071721 0.3601016 0.0069240 -0.0064799 0.0071450 0.9999295
380.746500 -0.0067643 -0.0087037 0.4207696 0.0040966 -0.0087128 0.0090736 0.9999125
380.850400 -0.0090010 -0.0098557 0.4828864 0.0002799 -0.0102840 0.0093384 0.9999035
380.954100 -0.0112253 -0.0104643 0.5455433 -0.0036687 -0.0123379 0.0089731 0.9998769
381.058000 -0.0140620 -0.0115759 0.6074728 -0.0044853 -0.0134107 0.0085792 0.9998633
381.162000 -0.0167121 -0.0131398 0.6694010 -0.0000481 -0.0136973 0.0081219 0.9998732
381.473800 -0.0243248 -0.0177017 0.8579856 0.0075488 -0.0127902 0.0058682 0.9998725
381.681500 -0.0294344 -0.0206582 0.9868954 -0.0020627 -0.0106185 0.0046911 0.9999305
381.993100 -0.0360067 -0.0236250 1.1770051 -0.0002949 -0.0098829 0.0033025 0.9999457
382.097000 -0.0382204 -0.0247301 1.2393340 0.0009172 -0.0099847 0.0025489 0.9999465
382.304900 -0.0426937 -0.0273733 1.3648986 -0.0020629 -0.0094514 0.0008323 0.9999529
382.616500 -0.0501806 -0.0305174 1.5512973 -0.0011359 -0.0080047 -0.0018651 0.9999656
382.928300 -0.0538923 -0.0328002 1.7376013 0.0053317 -0.0076125 0.0030023 0.9999523
383.136100 -0.0565545 -0.0350419 1.8602637 -0.0001654 -0.0078453 0.0078039 0.9999388
383.551800 -0.0620203 -0.0398387 2.0992036 -0.0024174 -0.0076040 0.0149777 0.9998560
383.863600 -0.0675734 -0.0431465 2.2775347 -0.0012963 -0.0069011 0.0117967 0.9999058
384.175500 -0.0724480 -0.0466648 2.4514840 0.0005619 -0.0050524 0.0069351 0.9999630
384.487400 -0.0768614 -0.0496092 2.6284816 -0.0032975 -0.0039311 0.0074168 0.9999593
384.799300 -0.0820001 -0.0525991 2.8008835 -0.0029263 -0.0041180 0.0037576 0.9999802
385.007100 -0.0847838 -0.0539103 2.9127767 -0.0080297 -0.0052147 0.0032889 0.9999488
385.215000 -0.0889034 -0.0553375 3.0190353 -0.0032693 -0.0055054 -0.0026539 0.9999760
385.423100 -0.0935642 -0.0575627 3.1215992 -0.0008430 -0.0038328 -0.0083913 0.9999571
385.631100 -0.0953209 -0.0590532 3.2175930 -0.0015178 -0.0008381 -0.0110924 0.9999370
385.839400 -0.0968278 -0.0608030 3.3089018 -0.0072960 0.0031220 -0.0135910 0.9998761
386.151800 -0.0944440 -0.0636428 3.4323857 0.0001664 0.0146506 -0.0062974 0.9998729
386.672300 -0.0842265 -0.0671307 3.6166089 -0.0042318 0.0366475 0.0049035 0.9993073
387.192300 -0.0696974 -0.0701586 3.7833273 0.0061137 0.0491775 0.0169588 0.9986274
387.711600 -0.0592221 -0.0747304 3.9352202 0.0046069 0.0363519 0.0201648 0.9991250
388.230400 -0.0607508 -0.0799710 4.0679069 0.0059521 0.0011147 0.0152718 0.9998651
388.748800 -0.0732503 -0.0837325 4.1857753 0.0095787 -0.0589344 0.0211678 0.9979914
389.059800 -0.0914698 -0.0865300 4.2496362 0.0093826 -0.1093405 0.0147468 0.9938507
389.267300 -0.1055572 -0.0888695 4.2905364 0.0081728 -0.1423817 0.0166570 0.9896379
389.474900 -0.1219184 -0.0901376 4.3308673 0.0070115 -0.1752156 0.0179402 0.9843416
389.786100 -0.1545929 -0.0922877 4.3873830 0.0058308 -0.2230232 0.0139053 0.9746965
390.097500 -0.1940398 -0.0949874 4.4460740 0.0028340 -0.2735645 0.0161531 0.9617139
390.408900 -0.2440625 -0.0980208 4.5052357 0.0037349 -0.3259482 0.0140739 0.9452755
390.720200 -0.3054323 -0.1010665 4.5645123 0.0049267 -0.3814764 0.0191849 0.9241663
391.031500 -0.3803214 -0.1045723 4.6206198 0.0016092 -0.4400662 0.0198761 0.8977439
391.342800 -0.4709851 -0.1088958 4.6711864 -0.0004116 -0.5016139 0.0219421 0.8648133
391.550300 -0.5403317 -0.1116675 4.6998658 -0.0009589 -0.5444333 0.0250769 0.8384287
391.757800 -0.6190069 -0.1150313 4.7229271 0.0002184 -0.5856510 0.0246839 0.8101873
392.069500 -0.7527323 -0.1209595 4.7480803 0.0006644 -0.6396785 0.0235058 0.7682828
392.277700 -0.8520694 -0.1253074 4.7579632 0.0033870 -0.6669052 0.0215494 0.7448233
392.694600 -1.0771129 -0.1360264 4.7632914 0.0088844 -0.6969028 0.0171630 0.7169052
393.007600 -1.2660704 -0.1451183 4.7630477 0.0113639 -0.7005584 0.0143283 0.7133608
393.216400 -1.4020686 -0.1512516 4.7641497 0.0117387 -0.6992763 0.0136570 0.7146246
393.424800 -1.5461073 -0.1590027 4.7652621 0.0137089 -0.6982059 0.0173588 0.7155553
393.633100 -1.6980796 -0.1665028 4.7671862 0.0159849 -0.6971369 0.0188848 0.7165110
393.945400 -1.9422429 -0.1797788 4.7718353 0.0130815 -0.6959603 0.0175951 0.7177455
394.153500 -2.1138453 -0.1885801 4.7741079 0.0134554 -0.6965365 0.0184048 0.7171590
394.361500 -2.2920897 -0.1977766 4.7763300 0.0124707 -0.6973947 0.0176273 0.7163619
394.673400 -2.5728681 -0.2124666 4.7806721 0.0112177 -0.6996140 0.0169927 0.7142308
394.881300 -2.7614331 -0.2228562 4.7805252 0.0130316 -0.6998352 0.0153649 0.7140201
395.089300 -2.9590640 -0.2333698 4.7816901 0.0135256 -0.7002914 0.0152009 0.7135671
395.401000 -3.2639179 -0.2502920 4.7844248 0.0102439 -0.7017244 0.0149805 0.7122173
395.712800 -3.5702991 -0.2663427 4.7846117 0.0066586 -0.7037474 0.0108822 0.7103357
396.128400 -3.9801197 -0.2830770 4.7852774 0.0087858 -0.7035027 0.0101396 0.7105659
396.543900 -4.3811622 -0.3034307 4.7855949 0.0073243 -0.7044991 0.0102623 0.7095930
396.855400 -4.6830821 -0.3175637 4.7832789 0.0075191 -0.7048030 0.0106397 0.7092834
396.959100 -4.7841096 -0.3223599 4.7833424 0.0073203 -0.7049479 0.0107459 0.7091400
397.166800 -4.9836001 -0.3317122 4.7819338 0.0058595 -0.7046701 0.0100889 0.7094392
397.374400 -5.1824102 -0.3408272 4.7810035 0.0082685 -0.7041661 0.0112231 0.7098984
397.582000 -5.3797865 -0.3499341 4.7804847 0.0082294 -0.7038041 0.0093304 0.7102852
397.685800 -5.4773402 -0.3541638 4.7805634 0.0074987 -0.7037377 0.0090470 0.7103627
397.893400 -5.6697702 -0.3635404 4.7805891 0.0099622 -0.7033542 0.0130471 0.7106500
398.101000 -5.8609900 -0.3745156 4.7801642 0.0097276 -0.7030316 0.0129051 0.7109749
398.308500 -6.0522037 -0.3850779 4.7799363 0.0095958 -0.7027979 0.0125846 0.7112135
398.516100 -6.2441802 -0.3950487 4.7800140 0.0094128 -0.7026437 0.0112473 0.7113908
398.723600 -6.4363136 -0.4049467 4.7798357 0.0091114 -0.7026173 0.0114308 0.7114179
398.931100 -6.6267161 -0.4145524 4.7796817 0.0091976 -0.7027583 0.0116755 0.7112734
399.138500 -6.8168416 -0.4238591 4.7794867 0.0095852 -0.7029856 0.0118214 0.7110413
399.346000 -7.0041718 -0.4334570 4.7798657 0.0091915 -0.7039928 0.0125209 0.7100373
399.553400 -7.1924109 -0.4412208 4.7802782 0.0064339 -0.7062035 0.0099590 0.7079098
399.760800 -7.3790054 -0.4489559 4.7774220 0.0047305 -0.7092473 0.0088871 0.7048880
400.071900 -7.6578989 -0.4623013 4.7688904 0.0081922 -0.7161481 0.0086819 0.6978463
400.279300 -7.8416090 -0.4704784 4.7596397 0.0092813 -0.7214729 0.0078492 0.6923360
400.694200 -8.2044392 -0.4877942 4.7326412 0.0102494 -0.7322798 0.0062877 0.6808977
400.901800 -8.3857498 -0.4959894 4.7149343 0.0128538 -0.7350269 0.0039143 0.6779049
401.317300 -8.7408667 -0.5171170 4.6792574 0.0210558 -0.7380173 0.0126394 0.6743348
401.629000 -9.0049267 -0.5331255 4.6506748 0.0201971 -0.7385208 0.0085839 0.6738734
401.940900 -9.2676105 -0.5477316 4.6243467 0.0178740 -0.7354380 0.0040814 0.6773440
402.148900 -9.4421167 -0.5555393 4.6082497 0.0144716 -0.7305269 -0.0024501 0.6827261
402.356900 -9.6151543 -0.5618519 4.5953264 0.0191638 -0.7247012 -0.0039557 0.6887854
402.564800 -9.7901630 -0.5690582 4.5852776 0.0221815 -0.7193738 -0.0070749 0.6942329
402.772800 -9.9663754 -0.5757942 4.5777159 0.0251867 -0.7137753 -0.0105381 0.6998425
402.980600 -10.1439896 -0.5828100 4.5726852 0.0292369 -0.7082540 -0.0125058 0.7052413
403.188600 -10.3217392 -0.5905931 4.5710678 0.0328537 -0.7032495 -0.0103531 0.7101081
403.500400 -10.5933399 -0.6036143 4.5722589 0.0278873 -0.6987975 -0.0093276 0.7147150
403.811900 -10.8693314 -0.6159178 4.5745792 0.0289471 -0.6983074 -0.0087086 0.7151594
404.019700 -11.0557060 -0.6245642 4.5761662 0.0289836 -0.6983331 -0.0080076 0.7151411
404.227300 -11.2442036 -0.6332783 4.5769291 0.0281420 -0.6986623 -0.0076740 0.7148567
404.435000 -11.4343796 -0.6422935 4.5777330 0.0271685 -0.6992734 -0.0077589 0.7142958
404.642700 -11.6230545 -0.6505399 4.5783529 0.0269542 -0.7000979 -0.0077189 0.7134963
404.850300 -11.8117161 -0.6592591 4.5787268 0.0260055 -0.7009267 -0.0074945 0.7127197
405.058000 -11.9994755 -0.6683736 4.5791311 0.0259968 -0.7017897 -0.0083631 0.7118606
405.265700 -12.1857386 -0.6772150 4.5779600 0.0273202 -0.7016550 -0.0081912 0.7119458
405.473400 -12.3703632 -0.6859441 4.5774565 0.0293525 -0.7015263 -0.0073467 0.7120010
405.681200 -12.5548286 -0.6957779 4.5785589 0.0275087 -0.7015103 -0.0080718 0.7120825
405.888900 -12.7370119 -0.7045319 4.5788765 0.0276244 -0.7016696 -0.0075394 0.7119268
406.096600 -12.9187069 -0.7138304 4.5784388 0.0269012 -0.7015982 -0.0075708 0.7120245
406.304400 -13.0997581 -0.7229354 4.5788202 0.0275639 -0.7016894 -0.0069758 0.7119154
406.512200 -13.2786808 -0.7320395 4.5782452 0.0268417 -0.7015217 -0.0077379 0.7121004
406.719900 -13.4572210 -0.7408410 4.5785704 0.0271049 -0.7014189 -0.0076237 0.7121930
406.927700 -13.6327419 -0.7500532 4.5781031 0.0277141 -0.7010810 -0.0076784 0.7125016
407.135600 -13.8059883 -0.7586306 4.5779009 0.0293494 -0.7002165 -0.0069362 0.7132933
407.343300 -13.9799461 -0.7674250 4.5786715 0.0277932 -0.6996464 -0.0067946 0.7139162
407.551200 -14.1540508 -0.7758880 4.5794067 0.0255295 -0.6995860 -0.0095139 0.7140288
407.758900 -14.3267155 -0.7832132 4.5797949 0.0269311 -0.6995158 -0.0095559 0.7140455
407.966800 -14.4981537 -0.7912132 4.5802698 0.0278471 -0.6997195 -0.0097353 0.7138084
408.174500 -14.6684189 -0.7993053 4.5805178 0.0280716 -0.6998762 -0.0089504 0.7136562
408.382300 -14.8368931 -0.8072230 4.5807323 0.0276491 -0.6999924 -0.0094048 0.7135528
408.590200 -15.0019016 -0.8149430 4.5815725 0.0277833 -0.6999952 -0.0090282 0.7135499
408.902000 -15.2487793 -0.8264183 4.5828228 0.0268305 -0.6988445 -0.0093263 0.7147094
409.109900 -15.4124985 -0.8348075 4.5838718 0.0268417 -0.6979006 -0.0094033 0.7156297
409.317800 -15.5757208 -0.8422709 4.5851278 0.0276420 -0.6971890 -0.0090163 0.7162975
409.525700 -15.7379971 -0.8499868 4.5869150 0.0268309 -0.6968229 -0.0099375 0.7166723
409.733500 -15.8962479 -0.8572999 4.5889378 0.0275737 -0.6971632 -0.0087192 0.7163290
410.045300 -16.1258202 -0.8688810 4.5921030 0.0269716 -0.6979310 -0.0075372 0.7156172
410.357000 -16.3414249 -0.8802021 4.5932617 0.0273627 -0.6985329 -0.0063358 0.7150265
410.668800 -16.5483875 -0.8908502 4.5936699 0.0279520 -0.6985378 -0.0069480 0.7149934
410.876700 -16.6812592 -0.8976864 4.5942993 0.0291175 -0.6983441 -0.0066354 0.7151390
411.292500 -16.9336720 -0.9120774 4.5962429 0.0302085 -0.6961624 -0.0085149 0.7171980
411.708700 -17.1653976 -0.9245470 4.6032143 0.0298494 -0.6858641 -0.0093072 0.7270577
412.125000 -17.3712902 -0.9375243 4.6187534 0.0317471 -0.6706461 -0.0064959 0.7410693
412.541200 -17.5617714 -0.9494483 4.6447439 0.0286705 -0.6542641 -0.0016995 0.7557206
413.060800 -17.7871971 -0.9643111 4.6880064 0.0213506 -0.6399134 0.0057120 0.7681292
413.684300 -18.0396500 -0.9811786 4.7432756 0.0137010 -0.6258703 0.0125537 0.7797056
414.204200 -18.2269611 -0.9924717 4.7932587 0.0090369 -0.6092445 0.0164381 0.7927606
414.932800 -18.4424019 -1.0052466 4.8663712 0.0120465 -0.5671174 0.0227454 0.8232348
415.453500 -18.5579147 -1.0142362 4.9256048 0.0070816 -0.5155465 0.0257766 0.8564445
417.739500 -18.6057968 -1.0176966 4.9596167 0.0115419 -0.4772509 0.0291128 0.8782089
418.051700 -18.6068020 -1.0176175 4.9608707 0.0120625 -0.4751331 0.0297948 0.8793266
418.571900 -18.6141396 -1.0181543 4.9671674 0.0128230 -0.4639121 0.0293369 0.8853025
419.092800 -18.6359501 -1.0197616 4.9887304 0.0140778 -0.4292983 0.0301867 0.9025484
419.509500 -18.6675510 -1.0230167 5.0250697 0.0117881 -0.3846121 0.0304281 0.9225013
419.821800 -18.7012310 -1.0261004 5.0666513 0.0107909 -0.3522455 0.0306686 0.9353428
420.029800 -18.7294464 -1.0282199 5.1015482 0.0140940 -0.3333026 0.0272447 0.9423208
420.342200 -18.7776604 -1.0328039 5.1713428 0.0130168 -0.2954628 0.0227091 0.9549956
420.550500 -18.8114185 -1.0353813 5.2301617 0.0136400 -0.2647012 0.0242557 0.9639289
420.967200 -18.8757229 -1.0427620 5.3747969 0.0155331 -0.1946093 0.0245182 0.9804513
421.279300 -18.9193897 -1.0493407 5.5112286 0.0116928 -0.1470042 0.0271538 0.9886940
421.591100 -18.9555168 -1.0552506 5.6689124 0.0083990 -0.1103016 0.0279821 0.9934687
421.902700 -18.9870720 -1.0609146 5.8442669 0.0114581 -0.0792620 0.0284301 0.9963825
422.006500 -18.9951763 -1.0621825 5.9079857 0.0103600 -0.0693483 0.0284157 0.9971339
422.214300 -19.0095444 -1.0675240 6.0376534 0.0090953 -0.0495911 0.0277807 0.9983417
422.629500 -19.0272350 -1.0759531 6.3220263 0.0103877 -0.0257476 0.0298348 0.9991692
422.940500 -19.0397415 -1.0836017 6.5512233 0.0085022 -0.0199545 0.0302343 0.9993075
