0.000000 0.000000 0.000000 0.000000 0.000000 0.000000 0.000000 1.000000
0.100000 0.100000 0.020000 0.000000 0.000000 0.000000 0.090000 0.995000
0.200000 0.195000 0.052000 0.000000 0.000000 0.000000 0.176000 0.984000
0.300000 0.276000 0.094000 0.000000 0.000000 0.000000 0.262000 0.965000
0.400000 0.342000 0.143000 0.000000 0.000000 0.000000 0.347000 0.938000
0.500000 0.391000 0.198000 0.000000 0.000000 0.000000 0.428000 0.904000
0.600000 0.419000 0.255000 0.000000 0.000000 0.000000 0.506000 0.863000
0.700000 0.424000 0.312000 0.000000 0.000000 0.000000 0.580000 0.815000
0.800000 0.405000 0.367000 0.000000 0.000000 0.000000 0.650000 0.760000
0.900000 0.362000 0.418000 0.000000 0.000000 0.000000 0.715000 0.699000
1.000000 0.295000 0.463000 0.000000 0.000000 0.000000 0.774000 0.633000
