1305031452.791720 0.0000000 0.0000000 0.0000000 -0.0000000 -0.0000000 -0.0000000 1.0000000
1305031452.923715 0.0197270 0.0217517 -0.0051930 0.0037767 0.0227998 0.0509753 0.9984325
1305031452.991647 0.0289862 0.0226477 -0.0078680 0.0046691 0.0294002 0.0508930 0.9982604
1305031453.059754 0.0358202 0.0362037 -0.0162314 0.0104578 0.0530070 0.0537019 0.9970943
1305031453.191726 0.0414994 0.0567041 -0.0364518 0.0164519 0.1040355 0.0563674 0.9928387
1305031453.291696 0.0400333 0.0672689 -0.0555428 0.0175879 0.1388043 0.0682217 0.9878106
1305031453.391690 0.0206601 0.0880243 -0.0793472 0.0268465 0.1730501 0.0954058 0.9799136
1305031453.523684 0.0118493 0.1079825 -0.1248079 0.0466271 0.1955341 0.1293213 0.9710141
1305031453.659600 -0.0332431 0.1369537 -0.1744666 0.0785200 0.2043137 0.1360447 0.9662207
1305031453.827773 -0.1061879 0.1767561 -0.2240196 0.0996964 0.1744771 0.1003064 0.9744521
1305031454.027662 -0.1982329 0.1987199 -0.2317748 0.0972335 0.0934466 0.0505483 0.9895748
1305031454.127701 -0.2393953 0.2006536 -0.2206599 0.0984659 0.0591642 0.0080108 0.9933478
1305031454.227671 -0.2812515 0.1954287 -0.2169803 0.0927223 0.0135420 -0.0377220 0.9948850
1305031454.327699 -0.3153390 0.1972533 -0.2088707 0.0921918 -0.0144579 -0.0840845 0.9920794
1305031454.427465 -0.3381147 0.2087631 -0.2059185 0.0979165 -0.0463566 -0.1285264 0.9857710
1305031454.559575 -0.3564267 0.2315643 -0.2105121 0.0919732 -0.0743309 -0.1901586 0.9746053
1305031454.691884 -0.3747228 0.2628999 -0.2158071 0.0740300 -0.1243644 -0.2364216 0.9608111
1305031454.827570 -0.3525309 0.2945269 -0.2160258 0.0607114 -0.1523423 -0.2193173 0.9617722
1305031454.959648 -0.3506398 0.3305007 -0.2204606 0.0480326 -0.1329820 -0.1875266 0.9720301
1305031455.191655 -0.4146459 0.3992456 -0.2329649 0.0473620 -0.1023288 -0.1623591 0.9802679
1305031455.327766 -0.4705877 0.4310271 -0.2369557 0.0365000 -0.0827360 -0.1264226 0.9878461
1305031455.459589 -0.5309145 0.4417680 -0.2389655 0.0097373 -0.0606843 -0.0880027 0.9942224
1305031455.527610 -0.5687392 0.4417969 -0.2455298 0.0036137 -0.0512117 -0.0626863 0.9967120
1305031455.727628 -0.6922128 0.4250045 -0.2756507 0.0064026 -0.0352475 -0.0232433 0.9990878
1305031455.927955 -0.8014562 0.3864727 -0.3214131 0.0067430 -0.0055432 -0.0274332 0.9995855
1305031456.027770 -0.8420195 0.3840499 -0.3412745 0.0008551 0.0106479 -0.0338967 0.9993683
1305031456.127645 -0.8870507 0.3513969 -0.3439270 -0.0221067 0.0278425 -0.0456252 0.9983258
1305031456.359846 -0.9533445 0.3040717 -0.3284376 -0.0082204 0.0983090 -0.0207401 0.9949059
1305031456.791649 -1.1169051 0.2764164 -0.1510607 -0.0323576 0.1522467 0.0710327 0.9852555
1305031457.059621 -1.1871276 0.3061050 -0.0542979 -0.0375003 0.1784078 0.1161359 0.9763590
1305031457.159693 -1.2188754 0.2846946 -0.0389258 -0.0508270 0.1969507 0.1337457 0.9699171
1305031457.291656 -1.2780720 0.2609995 -0.0404815 -0.0449281 0.2281288 0.1571432 0.9598150
1305031457.391684 -1.3319876 0.2405473 -0.0470000 -0.0381708 0.2627951 0.1738223 0.9482972
1305031457.527638 -1.4041438 0.2045535 -0.0589953 -0.0298415 0.2820174 0.1910289 0.9397253
1305031457.659632 -1.4777390 0.1782193 -0.0660654 -0.0170751 0.2994898 0.2026886 0.9321650
1305031457.791567 -1.5182072 0.1108658 -0.0694348 -0.0223519 0.3070824 0.2026553 0.9295868
1305031457.991644 -1.6049782 0.0458461 -0.0499410 0.0186676 0.3448160 0.2034311 0.9161710
1305031458.191646 -1.6741471 0.0058879 0.0323613 0.0383879 0.3706183 0.2098507 0.9039531
1305031458.359590 -1.7063720 -0.0936558 0.1276446 0.0346413 0.3618911 0.2125439 0.9070060
1305031458.559628 -1.6967349 -0.0669892 0.2538149 0.1217993 0.3990076 0.2029828 0.8858646
1305031458.727650 -1.6902419 -0.0559858 0.3755599 0.1193709 0.3818232 0.1788102 0.8988819
1305031458.827564 -1.6614916 -0.0282632 0.4174926 0.1220140 0.3414769 0.1551570 0.9189301
1305031458.991647 -1.6536982 -0.0725884 0.4678207 0.1167879 0.3557044 0.1699560 0.9115646
1305031459.159639 -1.7385116 -0.1516203 0.5578352 0.1715877 0.3047761 0.1813029 0.9191293
1305031459.227607 -1.7382636 -0.1453504 0.5910733 0.1892419 0.2730665 0.1913634 0.9235812
1305031459.291690 -1.7297571 -0.1322250 0.6118432 0.1936106 0.2749558 0.2136851 0.9171984
1305031459.391667 -1.7579192 -0.1221855 0.6385431 0.2002383 0.3353849 0.2760393 0.8781936
1305031459.459679 -1.7657276 -0.1113620 0.6811051 0.1992700 0.3961188 0.3455030 0.8270484
1305031459.591695 -1.8250908 -0.1214932 0.7410802 0.1942969 0.4462994 0.4527617 0.7470424
1305031459.691604 -1.8522937 -0.1337382 0.7866854 0.1897297 0.4656153 0.4650204 0.7286707
1305031459.891596 -1.8979270 -0.2534889 0.8440129 0.1646900 0.4804958 0.4698824 0.7219498
1305031460.027565 -1.9007634 -0.3224059 0.8734671 0.1603106 0.4729095 0.4863501 0.7170222
1305031460.127690 -1.9043152 -0.3868165 0.8961437 0.1703781 0.4628398 0.5016118 0.7107294
1305031460.259667 -1.8784189 -0.4213496 0.9123411 0.1845176 0.4508462 0.5162914 0.7043679
1305031460.359630 -1.8658230 -0.4553729 0.9295422 0.1801537 0.4755291 0.5188347 0.6871879
1305031460.459620 -1.8458912 -0.4816458 0.9381678 0.1714752 0.5001402 0.5317493 0.6615880
1305031460.591855 -1.8245335 -0.5333064 0.9586672 0.1437092 0.5337917 0.5555459 0.6211143
1305031460.727675 -1.8027470 -0.5828868 0.9879505 0.1258923 0.5548432 0.5605499 0.6017342
1305031460.927562 -1.7515910 -0.6498706 1.0317501 0.0872252 0.5734808 0.5596629 0.5918522
1305031461.027620 -1.7128820 -0.6832918 1.0347290 0.0821425 0.5764110 0.5646241 0.5849808
1305031461.159720 -1.6645610 -0.7194622 1.0459757 0.0783061 0.5780334 0.5626828 0.5857760
1305031461.327751 -1.6246356 -0.7306141 1.0613674 0.0789449 0.5878309 0.5415854 0.5957413
1305031461.527705 -1.5744414 -0.7340596 1.0611756 0.0606795 0.5897646 0.5428447 0.5948239
1305031461.691563 -1.5778370 -0.7030872 1.0421536 0.0523787 0.6043576 0.5398267 0.5836056
1305031461.791612 -1.5894760 -0.6690618 1.0237539 0.0528114 0.6015851 0.5510586 0.5758826
1305031461.891723 -1.6168960 -0.6241976 1.0285165 0.0592665 0.6068796 0.5658459 0.5549803
1305031462.027675 -1.6524162 -0.5732756 1.0321472 0.0496527 0.6030542 0.5954997 0.5284320
1305031462.159646 -1.6757340 -0.5405461 1.0323987 0.0559009 0.5776145 0.6324870 0.5130271
1305031462.291629 -1.7041888 -0.5188347 1.0522206 0.0347716 0.5717500 0.6342849 0.5192065
1305031462.459897 -1.7446574 -0.4919301 1.0896883 -0.0035116 0.5518883 0.6262345 0.5506698
1305031462.591862 -1.7822310 -0.4788293 1.0944234 -0.0266843 0.5235476 0.6163902 0.5875790
1305031462.759782 -1.8442043 -0.4597669 1.0863061 -0.0377007 0.5133014 0.5741450 0.6367557
1305031462.927607 -1.9173083 -0.4018326 1.0409162 -0.0375470 0.4956615 0.5514514 0.6699337
1305031463.059810 -1.9570385 -0.3667432 0.9929749 -0.0224811 0.4873835 0.5292179 0.6941760
1305031463.227784 -1.9957230 -0.3242092 0.9175239 -0.0232330 0.4762751 0.4946648 0.7265872
1305031463.395630 -2.0142598 -0.2585598 0.8544817 -0.0008949 0.4679333 0.4694332 0.7487791
1305031463.527670 -2.0066156 -0.2067294 0.7837284 -0.0026387 0.4618098 0.4617742 0.7572908
1305031463.695640 -2.0027690 -0.1575961 0.6959197 0.0139807 0.4619983 0.4511718 0.7634174
1305031463.895648 -1.9733249 -0.1430811 0.5451053 0.0093280 0.4686111 0.4084959 0.7832291
1305031464.095634 -1.9593270 -0.1595534 0.4061147 0.0078607 0.4616746 0.3654595 0.8082290
1305031464.327866 -1.9672287 -0.1776657 0.2916928 0.0501651 0.4096668 0.3290779 0.8493317
1305031464.559703 -1.9324591 -0.1576052 0.1344653 0.0543003 0.3858089 0.2730682 0.8795663
1305031464.827759 -1.9137983 -0.2125820 0.0108410 0.0844605 0.4270866 0.1391900 0.8894323
1305031465.095700 -1.7779794 -0.1216328 0.0056482 0.0834164 0.3558872 -0.0075939 0.9307676
1305031465.395586 -1.5866551 -0.0181178 0.0280881 0.0175927 0.2317409 0.0176357 0.9724585
1305031465.695668 -1.3948135 0.1555206 -0.0795614 0.0784807 0.1354544 0.0851106 0.9839965
1305031465.959710 -1.2385019 0.3648306 -0.1583206 0.1501674 0.1276720 0.1135243 0.9737874
1305031466.195833 -1.1930085 0.5490692 -0.2132563 0.1490752 0.1159741 0.1128409 0.9754966
1305031466.459790 -1.1075077 0.6516980 -0.3431081 0.1281939 0.1186093 0.0654063 0.9824562
1305031466.695822 -0.9830884 0.7378288 -0.4235185 0.1115838 0.1158482 0.0471506 0.9858525
1305031466.927756 -0.8749218 0.7870926 -0.4860146 0.1108259 0.0747195 0.0146051 0.9909195
1305031467.159660 -0.7636619 0.8226850 -0.5432360 0.1109729 0.0422570 -0.0245845 0.9926203
1305031467.359654 -0.6900920 0.8613065 -0.5864148 0.1173337 0.0087214 -0.0562447 0.9914602
1305031467.559763 -0.6016246 0.8818147 -0.6333461 0.0993967 -0.0271638 -0.0827204 0.9912314
1305031467.796075 -0.5018736 0.8576412 -0.6368837 0.1235080 -0.0528342 -0.0931248 0.9865506
1305031467.995754 -0.4197516 0.7998922 -0.5790893 0.1520365 -0.0864329 -0.1026455 0.9792233
1305031468.228158 -0.3242392 0.6871738 -0.4969918 0.1483940 -0.1039177 -0.1209879 0.9759827
1305031468.495809 -0.2312032 0.5258165 -0.4585317 0.1313432 -0.1004751 -0.1099339 0.9800858
1305031468.759628 -0.2409828 0.3606008 -0.4558015 0.1296258 -0.1158752 -0.1407377 0.9746605
1305031468.995711 -0.2458888 0.3016130 -0.4317626 0.1181764 -0.1009418 -0.1514377 0.9761720
1305031469.227754 -0.2571295 0.2237319 -0.3675093 0.0252449 -0.0677211 -0.1927165 0.9785892
1305031469.527622 -0.2605931 0.2331012 -0.2461828 -0.0079972 -0.0148785 -0.2213857 0.9750400
1305031469.795621 -0.2649158 0.3056544 -0.1313603 -0.0564907 -0.0012165 -0.2030011 0.9775469
1305031470.059638 -0.3486494 0.4115101 -0.0491793 -0.0815975 -0.0083760 -0.1850174 0.9793060
1305031470.327644 -0.4688469 0.5087925 -0.0194069 -0.1089249 -0.0037699 -0.1575400 0.9814796
1305031470.495686 -0.5475020 0.5527814 -0.0084112 -0.1153802 -0.0077069 -0.1475639 0.9822693
1305031470.659690 -0.6109118 0.5745662 -0.0001216 -0.1229306 -0.0062045 -0.1349012 0.9831842
1305031470.859645 -0.6761076 0.5857468 0.0139552 -0.1213413 0.0040651 -0.1130471 0.9861441
1305031471.027644 -0.7279388 0.5609421 0.0122208 -0.1009685 0.0016484 -0.0976467 0.9900848
1305031471.227569 -0.7801010 0.5588568 0.0062026 -0.0608546 0.0188628 -0.0673196 0.9956952
1305031471.496491 -0.8262091 0.5439481 0.0027432 -0.0511176 0.0471741 -0.0318207 0.9970703
1305031471.995573 -0.8731269 0.5587748 -0.0163701 -0.0588984 0.1150847 0.0381451 0.9908741
1305031472.263840 -0.9055262 0.5574801 -0.0003067 -0.0715121 0.1404815 0.0656505 0.9853126
