1311867170.462290 0.0000000 0.0000000 0.0000000 -0.0000000 -0.0000000 -0.0000000 1.0000000
1311867170.662140 -0.0085018 -0.0025590 -0.0068861 -0.0071266 -0.0101417 -0.0033826 0.9999174
1311867170.694205 -0.0084422 -0.0026254 -0.0082723 -0.0077486 -0.0105874 -0.0059241 0.9998964
1311867171.362246 -0.0040843 -0.0161351 -0.0340729 0.0101227 -0.0046657 -0.0159677 0.9998104
1311867177.562640 -0.2739359 0.0213758 -0.0757970 -0.0290821 -0.0666275 -0.0556224 0.9958017
1311867180.163680 -0.3388995 0.0387416 -0.0952857 -0.0238618 -0.0859862 -0.0562752 0.9944195
1311867180.494756 -0.3337387 0.0389024 -0.0982799 -0.0217303 -0.0765609 -0.0645883 0.9947335
1311867180.830924 -0.3288427 0.0385610 -0.0974519 -0.0240107 -0.0784519 -0.0696969 0.9941887
1311867181.662857 -0.2968218 0.0354985 -0.0947379 -0.0274973 -0.0849301 -0.0617420 0.9940919
1311867181.962919 -0.2868434 0.0331959 -0.0963971 -0.0242548 -0.0835752 -0.0582342 0.9945027
1311867182.830690 -0.2537954 0.0198630 -0.0949200 -0.0121672 -0.0715792 -0.0594726 0.9955860
1311867183.167324 -0.2404349 0.0195721 -0.0932897 -0.0170829 -0.0732762 -0.0581787 0.9954667
1311867183.332092 -0.2353336 0.0179928 -0.0919589 -0.0161905 -0.0741911 -0.0612423 0.9952301
1311867183.931483 -0.2119725 0.0104912 -0.0873900 -0.0172607 -0.0709647 -0.0653197 0.9951882
1311867184.096811 -0.2069941 0.0087581 -0.0858298 -0.0167347 -0.0712704 -0.0653963 0.9951703
1311867184.268102 -0.2010876 0.0062488 -0.0839122 -0.0184009 -0.0705942 -0.0655134 0.9951813
1311867194.199685 0.2838331 -0.0676164 -0.0208275 -0.0467367 -0.0466915 -0.0547982 0.9963096
1311867194.831891 0.2891086 -0.0668652 -0.0173139 -0.0493910 -0.0473307 -0.0573886 0.9960055
1311867195.563721 0.2744406 -0.0655016 -0.0186919 -0.0467307 -0.0517444 -0.0585976 0.9958439
1311867196.767707 0.2300646 -0.0609489 -0.0191115 -0.0516646 -0.0500202 -0.0546289 0.9959139
1311867198.431988 0.1559112 -0.0516865 -0.0369121 -0.0509268 -0.0487912 -0.0660150 0.9953230
1311867211.536921 -0.0678291 -0.2372533 -0.0864310 0.0315601 -0.0708992 -0.0800193 0.9937677
1311867212.300798 -0.0655073 -0.2234381 -0.0917096 0.0420108 -0.0682795 -0.0808334 0.9934984
1311867212.869033 -0.0588876 -0.2094912 -0.1001032 0.0495418 -0.0703446 -0.0697385 0.9938480
1311867213.668995 -0.0470819 -0.1821581 -0.1070143 0.0557023 -0.0681377 -0.0641183 0.9940540
1311867224.437516 -0.0027135 0.0992872 -0.1080076 -0.0427098 -0.0407251 -0.0586324 0.9965338
1311867225.237668 -0.0030640 0.1260322 -0.1081279 -0.0332709 -0.0352167 -0.0563268 0.9972363
1311867225.405582 -0.0044508 0.1303133 -0.1072393 -0.0298106 -0.0345043 -0.0531161 0.9975467
1311867227.937974 -0.0171997 0.1970873 -0.1221407 -0.0151165 -0.0436967 -0.0555818 0.9973830
1311867228.674148 -0.0154496 0.2066325 -0.1223792 -0.0140302 -0.0411054 -0.0543226 0.9975784
1311867229.438754 -0.0193556 0.1808313 -0.1299442 -0.0036919 -0.0446799 -0.0432006 0.9980600
1311867229.673818 -0.0192348 0.1711387 -0.1328144 0.0026842 -0.0487317 -0.0462779 0.9977356
1311867230.574088 -0.0226489 0.1432451 -0.1449522 0.0171113 -0.0534909 -0.0472573 0.9973027
1311867231.306019 -0.0273410 0.1276705 -0.1492469 0.0205037 -0.0535407 -0.0458412 0.9973022
1311867246.075233 -0.0681173 -0.0041995 0.2640907 -0.0620560 -0.0312095 -0.0548712 0.9960744
1311867246.611125 -0.0731397 0.0025945 0.2831001 -0.0741828 -0.0250902 -0.0588171 0.9951924
1311867247.277719 -0.0768011 -0.0006616 0.2889220 -0.0721513 -0.0219070 -0.0573170 0.9955044
1311867248.010991 -0.0712000 -0.0122624 0.2616011 -0.0588889 -0.0252879 -0.0634848 0.9959229
1311867259.243853 -0.0000136 -0.0318254 -0.3207071 0.0179127 -0.0604705 -0.0638388 0.9959654
1311867260.879809 0.0294956 -0.0232655 -0.4149220 0.0297438 -0.0500261 -0.0537255 0.9968582
1311867264.180145 0.0523157 0.0173030 -0.6172029 0.0761176 -0.0410756 -0.0606308 0.9944057
1311867264.780125 0.0548694 0.0232078 -0.6409100 0.0872533 -0.0622127 -0.0701647 0.9917628
1311867265.248214 0.0618521 0.0227326 -0.6528352 0.0896711 -0.0582466 -0.0645988 0.9921660
1311867266.548233 0.0598589 0.0297628 -0.6916772 0.1132119 -0.0562085 -0.0506166 0.9906875
1311867266.912179 0.0590884 0.0305301 -0.6951129 0.1171533 -0.0526702 -0.0528142 0.9903088
1311867267.612361 0.0557667 0.0270522 -0.6811300 0.0949614 -0.0446962 -0.0557990 0.9929104
1311867268.012300 0.0515414 0.0213746 -0.6679884 0.0908414 -0.0452688 -0.0558408 0.9932675
1311867270.448370 0.0071711 -0.0044699 -0.5384934 0.0357965 -0.0229643 -0.0591459 0.9973430
1311867270.780573 0.0082137 -0.0129309 -0.5213895 0.0309620 -0.0230750 -0.0600245 0.9974498
1311867271.048583 0.0096361 -0.0156555 -0.5106259 0.0250237 -0.0244422 -0.0600760 0.9975807
1311867271.480623 0.0140069 -0.0290021 -0.4889692 0.0272961 -0.0286338 -0.0577357 0.9975478
1311867272.148719 0.0110908 -0.0490431 -0.4297566 0.0180777 -0.0384877 -0.0596820 0.9973114
1311867273.180697 0.0272400 -0.0630637 -0.3775780 0.0184885 -0.0547201 -0.0665511 0.9961098
1311867281.417074 -0.0206568 -0.1013708 0.1213013 -0.0733196 -0.0263614 -0.0622105 0.9950172
1311867281.917153 -0.0145494 -0.1032722 0.1402069 -0.0750928 -0.0360566 -0.0553753 0.9949847
1311867282.417372 -0.0067707 -0.1050614 0.1574471 -0.0812701 -0.0405321 -0.0505328 0.9945847
1311867289.653639 -0.0142031 -0.1001885 0.1913200 -0.0747009 -0.0491822 -0.0639580 0.9939368
1311867291.653970 -0.0132057 -0.1036409 0.1894370 -0.0723672 -0.0580591 -0.0657029 0.9935166
1311867292.257685 -0.0122759 -0.1039150 0.1904748 -0.0719602 -0.0542958 -0.0632315 0.9939193
1311867292.558104 -0.0128184 -0.1043955 0.1905940 -0.0709684 -0.0565585 -0.0643705 0.9937913
