1341839113.657637 0.0000000 0.0000000 0.0000000 -0.0000000 -0.0000000 -0.0000000 1.0000000
1341839114.229673 -0.0060473 0.0017043 0.0027015 -0.0112411 -0.0021935 -0.0005563 0.9999343
1341839114.261690 -0.0075891 0.0053320 0.0006385 -0.0088521 -0.0004144 0.0002600 0.9999607
1341839115.133455 -0.0432864 0.0185369 -0.0214194 -0.0180400 0.0168881 0.0073203 0.9996678
1341839115.601623 -0.0749712 0.0279558 -0.0379283 -0.0298779 0.0261912 0.0092542 0.9991675
1341839116.877541 -0.2035865 0.0272723 -0.0506164 -0.0283072 0.0854078 0.0382475 0.9952092
1341839117.881610 -0.3468970 0.0458271 -0.0910845 -0.0398372 0.1216079 0.0499588 0.9905194
1341839118.017504 -0.3656092 0.0546571 -0.0956932 -0.0427751 0.1213764 0.0463241 0.9906019
1341839118.317574 -0.3932897 0.0447622 -0.0897509 -0.0439337 0.1264554 0.0461534 0.9899236
1341839120.429559 -0.6219160 0.0434225 -0.0505788 -0.0457092 0.1904015 0.0856459 0.9768944
1341839120.629503 -0.6498220 0.0430927 -0.0489697 -0.0484344 0.1954237 0.0901525 0.9753647
1341839120.729566 -0.6612960 0.0440141 -0.0485486 -0.0521263 0.1985447 0.0909958 0.9744653
1341839120.865525 -0.6752027 0.0421342 -0.0482480 -0.0545235 0.2034535 0.0903111 0.9733847
1341839121.501558 -0.7369664 0.0182461 -0.0197705 -0.0441149 0.2008084 0.0921225 0.9742912
1341839123.745702 -0.9035281 -0.0208805 0.0854980 -0.0218476 0.2480676 0.0873897 0.9645456
1341839123.949667 -0.9349032 -0.0192052 0.0951684 -0.0243550 0.2538786 0.0835889 0.9633096
1341839124.953580 -1.0390649 -0.0359813 0.1176329 -0.0333750 0.2633274 0.0881756 0.9600884
1341839126.057677 -1.0919951 -0.0561098 0.1780582 -0.0415682 0.2973018 0.0902055 0.9496035
1341839126.225494 -1.0977244 -0.0593330 0.1911148 -0.0397424 0.2984632 0.0921258 0.9491328
1341839126.897640 -1.1235248 -0.0778758 0.2367386 -0.0327768 0.3320613 0.0966958 0.9377158
1341839127.233596 -1.1322383 -0.0923736 0.2513151 -0.0241354 0.3483287 0.0929024 0.9324450
1341839128.641615 -1.1940179 -0.1186802 0.3417875 -0.0187680 0.4160288 0.1297137 0.8998568
1341839128.773449 -1.1944655 -0.1255433 0.3565277 -0.0180575 0.4201952 0.1365176 0.8969241
1341839130.885541 -1.2495463 -0.2053446 0.5563180 -0.0254503 0.4960447 0.1849251 0.8479945
1341839132.025660 -1.2905145 -0.2371968 0.6516919 -0.0203226 0.5063609 0.1951463 0.8397045
1341839132.461663 -1.3103211 -0.2446468 0.6801589 -0.0136751 0.5249930 0.2135191 0.8237748
1341839133.601550 -1.3605103 -0.2625608 0.7351202 -0.0188561 0.5272995 0.2282834 0.8182215
1341839133.842375 -1.3721571 -0.2708281 0.7589999 -0.0218116 0.5337664 0.2339645 0.8123289
1341839134.076583 -1.3836160 -0.2773561 0.7813661 -0.0241438 0.5287237 0.2301598 0.8166363
1341839134.344596 -1.3964400 -0.2889877 0.8154155 -0.0157449 0.5263767 0.2277728 0.8190234
1341839134.773479 -1.4233040 -0.3189537 0.8633147 -0.0049887 0.5221791 0.2254640 0.8224781
1341839138.028640 -1.5035276 -0.4101356 1.0996894 0.0088355 0.6289583 0.2462273 0.7373640
1341839138.500623 -1.5072876 -0.4267268 1.1444516 0.0016451 0.6295177 0.2502775 0.7355718
1341839138.768580 -1.5023731 -0.4283873 1.1581053 -0.0020750 0.6391289 0.2510841 0.7269571
1341839140.737690 -1.4932503 -0.4633782 1.2898803 -0.0376145 0.7035301 0.2781902 0.6528712
1341839141.877530 -1.4973953 -0.5115286 1.4095633 -0.0328246 0.7250271 0.2717297 0.6319978
1341839142.116693 -1.4884827 -0.5185575 1.4259312 -0.0430389 0.7325308 0.2695534 0.6236084
1341839142.349595 -1.4794452 -0.5235558 1.4428399 -0.0409055 0.7452531 0.2687018 0.6088710
1341839142.749655 -1.4574459 -0.5418119 1.4719419 -0.0487107 0.7642691 0.2717363 0.5828203
1341839143.025376 -1.4536756 -0.5479961 1.4877692 -0.0484175 0.7738296 0.2721804 0.5698785
1341839143.485734 -1.4493206 -0.5558237 1.5226127 -0.0580172 0.7763811 0.2710440 0.5660402
1341839143.721563 -1.4518200 -0.5624787 1.5446988 -0.0691481 0.7846651 0.2745025 0.5515140
1341839143.957679 -1.4414194 -0.5645605 1.5647916 -0.0674617 0.7912362 0.2830978 0.5378194
1341839144.289779 -1.4280958 -0.5729040 1.5838767 -0.0665385 0.7950918 0.2834714 0.5320203
1341839144.561696 -1.4201627 -0.5756581 1.5965602 -0.0653161 0.7943668 0.2861255 0.5318340
1341839144.829602 -1.4118143 -0.5830956 1.6002684 -0.0637149 0.7954169 0.2827856 0.5322451
