0.000000 0.000000 0.000000 0.000000 0.000000 0.000000 0.000000 1.000000
0.100000 0.098480 0.017365 0.000000 0.000000 0.000000 0.087156 0.996195
0.200000 0.190211 0.048943 0.000000 0.000000 0.000000 0.173648 0.984808
0.300000 0.270000 0.090000 0.000000 0.000000 0.000000 0.258819 0.965926
0.400000 0.335424 0.138564 0.000000 0.000000 0.000000 0.342020 0.939693
0.500000 0.383022 0.192296 0.000000 0.000000 0.000000 0.422618 0.906308
0.600000 0.409808 0.248454 0.000000 0.000000 0.000000 0.500000 0.866025
0.700000 0.414144 0.304565 0.000000 0.000000 0.000000 0.573576 0.819152
0.800000 0.394798 0.358450 0.000000 0.000000 0.000000 0.642788 0.766044
0.900000 0.351013 0.408254 0.000000 0.000000 0.000000 0.707107 0.707107
1.000000 0.282488 0.452413 0.000000 0.000000 0.000000 0.766044 0.642788
